kvz	1
sprsquish	1
jcrosby	1
Connorhd	1
brandon-beacher	3
js	1
onnlucky	1
choonkeat	1
fwg	4
xaviershay	2
simoncpu	1
clehner	1
benw	2
davidsklar	3
JosephPecoraro	3
blaine	1
mbrubeck	1
mcarter	2
ithinkihaveacat	1
mhansen	1
masuidrive	2
jashkenas	1
grayrest	2
ncr	1
silentrob	1
jed	2
smtlaissezfaire	1
carsonmcdonald	1
zoka	4
arlolra	4
jfd	1
jherdman	1
opichals	3
paragonRobotics	1
fictorial	1
blazzy	7
mape	1
kriskowal	2
dpb587	1
inimino	5
thotypous	2
waveto	16
jdknezek	2
billywhizz	1
bpl	1
srh	1
orlandov	1
rentzsch	3
raff	1
puffnfresh	1
blowery	1
padekkers	1
marshall	1
cha0s	1
bmizerany	2
jeromeetienne	1
skaurus	1
adamwiggins	1
technoweenie	1
beanieboi	1
kassens	3
samshull	1
argon	1
DmitryBaranovskiy	5
d0k	3
dannycoates	1
nickstenning	2
brainfucker	1
tobie	4
tonymet	2
pgriess	23
sstephenson	1
agnat	3
tjholowaychuk	1
joshaven	3
scoates	1
josh	1
pkrumins	1
proppy	7
tim-smart	5
zimbatm	13
cskr	3
guitt	1
rsms	18
dansondergaard	1
silas	1
elarkin	3
tswicegood	3
gcr	2
brapse	1
aconbere	2
kof	3
kaichen	1
theosp	1
mishoo	2
kmillikin	1
CarterA	1
farhadi	4
ghughes	2
joewalnes	1
DanielG	3
creationix	22
rjrodger	1
mranney	21
cloudhead	2
russellhaering	4
cyraxx	1
aheckmann	6
xk	10
stagas	2
weaver	1
abram	1
kuebk	1
ncb000gt	1
postwait	8
NebuPookins	1
wadey	2
timjb	1
laggyluke	1
kkaefer	2
havard	1
alram	2
DTrejo	5
ryanpetrello	1
gfx	1
brettkiefer	1
mariano	2
jhorstmann	2
niklasf	1
adamesque	1
jeremys	1
tmpvar	2
morgoth	2
HenryRawas	24
devongovett	1
pastjean	1
vice	1
sciolist	1
stbuehler	1
wildchild	2
cesare	2
eagleflo	1
pquerna	23
cnwzhjs	2
christopherwright	1
pixelglow	1
avz	3
polazarus	1
amb26	1
evmar	2
thejh	1
abi	1
niclashoyer	2
mjackson	1
loganfsmyth	2
DrPizza	15
scunningham	1
vitorbal	1
bennoleslie	1
polotek	8
talltyler	1
tjanczuk	1
aikar	3
errordeveloper	1
simenbrekken	1
rootslab	1
ELLIOTTCABLE	2
almost	1
jordansissel	1
mattrobenolt	1
jhckragh	2
etlovett	4
bpasero	1
swaj	1
darashi	1
azer	2
TrevorBurnham	3
tshinnic	7
seebees	9
eddyb	1
devdazed	1
aviflax	1
pgte	1
ragiragi	1
psung	1
DamonOehlman	1
emerleite	1
mrb	1
rauchg	1
deedubs	2
defunctzombie	5
wankdanker	5
SaltwaterC	4
mnot	5
einaros	1
BlueHaunter	3
pvorb	1
lgrz	1
Benvie	6
quackingduck	1
ecto	1
fent	1
tedsuo	1
coolaj86	7
jfhbrook	2
bminer	1
vinc	1
ming-codes	1
Southern	5
shlevy	1
ress	1
arturadib	4
mattezell	1
miksago	44
mikeseven	1
evlun	3
yosefd	1
nfriedly	1
mgolawala	1
fukayatsu	1
zzak	11
josher19	2
springmeyer	1
AelMalinka	1
gjtorikian	1
xenyou	9
ando-takahiro	1
bts	1
javihernandez	1
jakl	1
kg	1
bluesmoon	2
mraleph	3
rsolomo	1
sdqali	2
magicmonkey	2
Sannis	10
evanderkoogh	1
mattness	1
sstur	1
japj	11
joelrbrandt	1
rmustacc	9
wavded	1
dscape	1
AvianFlu	5
reid	3
erikcorry	1
joeshaw	4
g2p	1
refractalize	1
tj	14
jplock	1
nakamura-to	1
mexpolk	1
phihag	1
taterbase	2
mmorearty	1
prybin	1
trentm	16
joeandaverde	1
sh1mmer	1
EugenDueck	1
tylerneylon	1
goloroden	1
ry	3021
stephank	6
snowblindroan	1
bobrik	1
bearice	1
aoberoi	1
pooyasencha	1
fredericgermain	1
Hello71	4
tasogarepg	1
regality	1
thewilli	2
serby	1
rngadam	1
aadityabhatia	1
janl	2
Soarez	1
jacobsa	2
olalonde	1
fmarier	2
coltrane	2
fredericosilva	1
sgallagher	3
fat-crocodile	1
axiak	1
huckphin	1
snoj	3
naholyr	1
bentaber	2
luk-	1
lukebayes	1
Niggler	1
jhnns	1
JamesHight	1
mharsch	1
tfeb	2
cdent	1
FZambia	1
aeosynth	1
danmilon	1
jgable	1
andyburke	1
sugendran	1
nikhilm	6
jimschubert	1
pwnall	1
dankohn	1
arianitu	1
cxreg	2
cannona	1
0x00A	1
langpavel	4
egirshov	2
hnry	2
adammw	5
samsonjs	3
iizukanao	2
npcode	3
outsideris	1
ichernev	1
verwaest	2
laverdet	8
AlexeyKupershtokh	1
kustosz	1
doortts	1
bruston	2
mitar	1
arhart	1
paddybyers	4
rgarcia	2
tmuellerleile	1
morkai	5
kellygerber	1
chisophugis	1
hackedy	2
olof	1
danielmoore	2
wanderview	2
gorillamania	1
0b10011	1
nathan7	1
rafadev7	2
danielgtaylor	2
tricknotes	16
kysnm	1
vlajos	1
yuanchuan	1
OJezu	1
prust	2
swang	1
chilts	1
apaprocki	4
PartTimeLegend	1
koichik	157
evansolomon	1
hueniverse	1
fourplusone	1
danielchatfield	2
uggedal	1
gigadude	1
ChrisWren	1
duanyao	1
mayn	1
kanongil	8
floatdrop	1
JayBeavers	1
mojodna	2
skratchdot	1
davepacheco	20
glenjamin	1
VanCoding	1
ManInTheBox	1
bogushevich	1
phillipalexander	1
sblom	17
groundwater	1
erikdubbelboer	4
hashseed	9
timrwood	1
jmar777	4
mridgway	1
gabrielf	1
groner	1
skabbes	1
gsf	1
nikai3d	1
lalitkapoor	2
skepticfx	1
camswords	1
tchollingsworth	4
loyd	1
gimelfarb	1
davglass	2
pflannery	1
tugrul	1
flowlo	2
jeffbski	2
gluxon	1
joliss	1
scottgonzalez	3
roamm	1
jsha	1
wesolows	1
thomseddon	3
mquandalle	1
nemtsov	1
Benjamin-Waters	3
iamdoron	1
austo	1
KenanSulayman	4
makepanic	1
alFReD-NSH	3
upsuper	2
Raynos	3
nitroduna	1
kesla	2
Nicolab	1
jugglinmike	1
maxtaco	1
gbrail	1
shuhei	1
bcantrill	8
9Y5	1
euoia	1
cscott	1
kanreisa	1
dominictarr	3
EvanCarroll	1
sandinmyjoints	1
ggoussard	1
geirha	1
juliangruber	4
denzp	1
seanmonstar	1
KiNgMaR	4
adrianheine	1
hustxiaoc	1
baseprime	2
dbkaplun	3
andrewlow	2
jeisinger	1
ryancole	1
kpdecker	1
rohiniwork	1
raymondfeng	6
cb1kenobi	1
michaelkebe	1
GUI	1
felixge	124
xavimb	2
euank	1
nick-apperson	2
edmorley	1
reem	1
3rd-Eden	4
skeggse	1
txdv	1
edumansky	1
inthecloud247	1
oppenlander	1
deanm	14
jgillich	1
substack	2
luciotato	1
threeday0905	1
kevinsimper	1
warseph	1
shama	23
flyover	1
majimboo	1
tlivings	1
lo1tuma	1
alippai	1
mmalecki	58
guisouza	2
ateich	1
kennyluck	1
pfmooney	1
jamesanthonyferguson	1
zerhacken	2
julien-f	1
gwicke	2
gyson	1
geon	1
eborden	1
stiliyan	1
cynron	1
mingwandroid	2
dead-horse	1
sudodoki	1
coderhaoxin	1
refack	9
cistov	1
msafi	1
roryrjb	1
jcowgill	1
maxogden	2
xjamundx	1
maraca	1
leobalter	1
brycekahle	1
gitter-badger	1
ghostbar	1
vweevers	1
tkellen	1
jondavidjohn	2
kampde	2
evantorrie	1
bk2204	1
kevinohara80	1
juamedgod	2
benjamincburns	1
luismreis	2
bajtos	12
teppeis	1
markstos	3
timruffles	1
CGavrila	1
caitp	1
konklone	1
wizardzloy	1
fixe	1
ruimarinho	2
jessecogollo	1
chrisalley	1
MicTech	1
qbit	1
iamphill	1
thughes	35
isaacs	1630
jongyeol	1
bcbcb	1
tjconcept	1
sairion	1
ziyunfei	1
tjfontaine	332
toastynerd	1
wizicer	1
Qard	1
ttrfwork	1
recursivefunk	1
mhart	2
mathiask88	1
qzaidi	1
sonewman	1
remixz	1
lxe	3
popomore	2
skaapgif	1
ryanseys	1
thewazir	3
dandv	1
detj	1
amir-s	1
charmander	1
e-jigsaw	1
emilyrose	1
shinnn	1
bjouhier	1
goto-bus-stop	1
pmed	1
timoxley	6
SgtPooki	1
Havvy	2
TierneyC	1
h7lin	1
RubenVerborgh	1
kenperkins	1
jonathanong	3
okuryu	3
stcruy	1
thlorenz	5
runeli	1
mdarse	1
connor4312	1
MayhemYDG	1
olov	1
phlco	1
blakmatrix	2
aredridel	5
jagoda	1
Frijol	1
pesho	1
Gioyik	3
ajcrites	1
AlexYursha	4
hoho	1
fengmk2	3
chrisyip	1
enaqx	3
petkaantonov	8
aqnouch	1
ivan	1
mikemaccana	1
smikes	1
cosmosgenius	1
fsbatista	1
MauriceButler	2
skenqbx	4
stevejs	3
robertkowalski	9
tyleranton	1
petschekr	1
Olegas	3
fastest963	3
pierreinglebert	1
tellnes	8
jimmyhsu	2
yanxyz	1
sixmen	1
not-implemented	1
piscisaureus	595
chrisdickinson	39
jomo	1
monsanto	3
LPGhatguy	1
iamthechad	1
stites	1
muddletoes	1
toddself	2
JacobEdelman	1
apechimp	1
liveinjs	1
fhemberger	3
agcolom	2
OleksandrChekhovskyi	1
tunniclm	1
IonicaBizau	2
DannyNemer	1
joepie91	1
vaseker	1
brodybits	1
ahoym	2
saljam	1
lfortin	2
foliveira	1
mgol	1
johannhof	1
brendanashworth	37
obastemur	4
charlierudolph	1
bahamas10	1
TooTallNate	197
MJefferson	1
dougshamoo	1
dhodder	1
jasonkarns	1
galambalazs	1
reggi	2
daveboivin	1
viirya	1
fabiosantoscode	1
dohse	1
jwueller	2
socketpair	1
calebboyd	1
domenic	13
smith-kyle	1
Martii	1
emilyaviva	1
jas-	5
sitegui	2
SPGB	1
birnam	1
aks-	1
usta	1
hellopao	1
micnic	3
hemanth	1
hmalphettes	1
john-yan	5
DaftMonk	1
ashleygwilliams	1
baslr	1
CraigCav	1
zyxar	1
martfors	1
lewiscowper	1
cdai2	1
pabigot	1
jkrems	2
bsnote	8
thinkingdust	3
scottsb	1
jonathanp	3
brycebaril	1
medns	1
rsp	1
rmg	17
joerg-krause	1
suitupalex	1
janriemer	1
baloo	1
hidekiy	1
lmarkus	1
nelsonpecora	1
nicholaswyoung	1
chrisJohn404	1
gigabo	1
mbarinov	1
dschenkelman	1
dnakamura	2
iamchenxin	1
nikolas	1
martinbark	1
jfromaniello	1
mafintosh	3
daguej	2
zeusdeux	2
richardsun29	2
zertosh	4
saquibkhan	1
zoubin	2
designfrontier	1
ryansobol	2
romankl	11
greenjava	1
vekat	1
MichaelTheriot	1
pgeiss	1
kohei-takata	2
bripkens	2
cusspvz	1
Nibbler999	1
skomski	25
garrows	1
drewfish	1
Jimbly	2
wKich	1
focusaurus	3
manvalls	1
pra85	2
Chris911	1
piepmatz	1
raineroviir	1
dturing	2
juliepagano	1
BridgeAR	1
a0viedo	5
felixfbecker	1
exinfinitum	2
mikeal	29
dimhotepus	1
Zirak	2
NoahRoseLedesma	1
kaero	2
jray319	1
chinedufn	3
mjcuva	1
chrisdew	1
MrOutput	2
tristanls	1
hgwood	1
TriAnMan	1
zbinlin	2
aayn	1
nettofarah	1
subzey	2
strawbrary	1
Sequoia	3
mike182uk	1
axvm	1
nwoltman	8
thekemkid	6
r1b	1
vaibhav93	1
watilde	3
kevinoid	3
sam-github	58
kthelgason	5
fb55	8
alexpenev-s	1
entertainyou	2
WebReflection	1
jrit	1
svozza	2
ralt	1
mithun-daa	3
drywolf	1
billautomata	1
kapouer	22
tomgco	8
kosak	1
gareth-ellis	1
getify	1
blobor	1
mpotra	1
vkurchatkin	46
BrendonPierson	1
narqo	2
hillbrad	1
techjeffharris	2
eversojk	2
silentroach	1
Amery2010	1
jamesreggio	1
iWuzHere	1
jorangreef	1
mike-kaufman	3
mdouglass	1
igorklopov	2
abouthiroppy	1
diversario	1
lightsofapollo	1
slushie	1
gromnitsky	4
dcposch	3
lamara	1
rlidwka	20
ronkorving	9
iankronquist	1
pmuellr	1
ben-page	1
sotojuan	1
estliberitas	18
AllenSH12	1
phette23	1
toyota790	1
justshiv	1
XeCycle	4
srl295	24
tflanagan	37
JacksonTian	52
mtharrison	2
anchika	1
jeanregisser	1
blakeembrey	1
alexjeffburke	1
ghaiklor	3
7coder7	1
DavidCai1993	2
rumkin	1
arve0	1
fanatid	3
drifkin	1
dirceu	3
zcbenz	7
mtre	1
bl4d32	1
Crazometer	1
eljefedelrodeodeljefe	15
othiym23	25
jhamhader	5
stevemao	3
rodmachen	2
bmeck	8
firedfox	11
jmm	3
orangemocha	72
nebrius	1
doug-wade	2
edsadr	1
mdlavin	1
timkuijsten	2
joaosa	1
pavelfeldman	1
nicolasromer	1
david-a-wheeler	1
JonathanMontane	1
julianduque	7
piranna	2
kimown	1
ncopa	1
davedoesdev	1
mathiasbynens	20
greysonp	1
tusharmath	1
RReverser	4
akki	1
gagern	2
iarna	15
sartrey	1
suryagh	4
rus0000	1
mwain	1
ChuckLangford	1
tarungarg546	1
diosney	2
qheaden	1
ryanmurakami	2
mcollina	12
pmq20	9
kevmannn	4
lance	8
whitlockjc	3
saadq	1
chjj	2
khalsah	1
gireeshpunathil	5
robertchiras	4
joransiu	1
andrasq	4
vitaly-t	1
ratikesh9	1
matthewloring	17
ehsan	2
peripateticus	1
BethGriggs	1
joeyespo	1
erinspice	1
vsemozhetbyt	6
ravindrabarthwal	1
joeycozza	1
williamkapke	3
vdeturckheim	1
hugnosis	1
stefanmb	24
phillipj	9
alexhultman	2
kibertoad	1
ppannuto	2
hokein	1
LinusU	2
Alhadis	1
sxa555	2
feross	5
omsmith	5
adrian-nitu-92	3
saghul	34
JungMinu	15
bengourley	1
kunalspathak	1
calvinmetcalf	14
hackygolucky	1
lazlojuly	1
BlackYoup	1
aubergine10	2
codeforgeek	1
SimenB	1
thecoolestguy	1
hefangshi	3
mozkeeler	1
richardlau	5
zwb-ict	1
benjamingr	19
hubertmine	1
jbergstroem	71
Alexis374	1
atstojanov	1
princejwesley	17
tlhunter	1
jscissr	7
HyperSprite	1
muchavie	1
silverwind	64
misterdjules	43
Williams-Dan	1
kalmanh	1
MikeRalphson	3
Ltrlg	1
DennisSchwartz	1
scips	1
n0f3	1
FeignMan	1
RachBLondon	1
dguo	1
lrlna	1
thomasvanlankveld	1
sejoker	2
thusoy	2
wietsevenema	1
danyshaanan	2
ak239	4
delvedor	1
not-an-aardvark	6
ofrobots	76
graphicbeacon	1
digitalsadhu	1
JonathanPrince	2
wzoom	4
pmatzavin	1
jasongin	2
claudiorodriguez	12
imyller	7
rainabba	1
oogz	1
fundon	2
reneweb	1
shigeki	147
yosuke-furukawa	24
LaurenSpiegel	1
mpmckenna8	1
nohmapp	1
matt-in-a-hat	2
madarche	1
zkat	23
fene	2
christopherfujino	1
richHong	1
yorkie	55
bzoz	12
italoacasas	9
llkats	3
madhavgharmalkar	1
mikeswoods	1
bagder	1
bengl	24
niklasi	2
paulgrock	2
zbjornson	3
NoahDragon	1
squarejaw	1
Goyapa	1
sudaraka	1
dfabulich	2
ss22ever	1
joshgav	16
AnnaMag	1
lpinca	19
geek	16
ChALkeR	30
ALJCepeda	3
ojss	5
connium	1
rmeja	1
AdriVanHoudt	9
santigimeno	63
strugee	1
lekoder	1
juan-andres	1
jun-oka	5
TimothyGu	10
jasnell	165
agl	6
jennabelle	3
seishun	17
ilfroloff	1
Tanuja-Sawant	1
jessicaquynh	3
soleboxy	1
jvilk	1
tylerbrazier	1
joaocgreis	30
sstern6	2
AndreasMadsen	77
marzelin	1
bcmarinacci	1
Ingramz	1
parambirs	1
bradleythughes	2
larissayvette	2
thefourtheye	99
indutny	741
rvagg	285
addaleax	108
maasencioh	10
danbev	23
mhdawson	37
TheAlphaNerd	60
fhinkel	12
evanlucas	97
trevnorris	328
eugeneo	27
kemitchell	3
Fishrock123	111
Trott	507
mscdex	189
gibfahn	11
targos	88
bnoordhuis	1911
cjihrig	168
